8,4,33,9,14,5
23,3,6,17,28,15
21,19,9,6,3,8
4,14,16,31,36,37
11,15,17,32,34,35
5,20,21,25,26,32
6,12,13,14,18,32
7,12,16,22,24,33
4,14,21,25,29,30
1,4,12,19,22,26
4,5,13,22,27,34
1,8,16,21,28,34
2,6,18,24,29,31
7,9,13,17,26,36
5,15,16,18,23,30
10,11,18,23,26,28
1,2,27,30,32,36
2,25,26,31,33,34
2,3,20,22,35,36
7,12,27,28,31,35
10,13,15,19,20,31
2,5,11,12,29,37
8,17,20,27,29,33
6,7,10,16,25,35
2,4,8,9,18,24
10,14,17,22,24,37
3,7,15,18,27,37
1,7,11,13,23,24
1,9,30,33,35,37
3,19,24,28,30,34
1,6,11,30,12,10
17,31,19,18,25,28
27,26,29,16,32,24
10,9,5,37,6,20
22,21,25,28,32,31
27,21,18,22,6,14
22,9,8,35,28,4
22,20,11,14,3,1
27,29,10,7,31,5
35,21,23,14,15,12
4,3,15,33,6,11
32,7,3,19,2,5
24,15,5,26,6,3
2,23,28,17,5,1
37,21,20,25,13,26
30,26,22,15,31,14
9,29,35,26,32,33
28,33,32,19,14,5
1,25,15,29,31,3
10,15,23,18,19,36
24,25,21,18,19,35
6,7,9,12,14,34
4,7,5,6,8,36
6,30,20,2,17,16
1,5,35,13,15,33
23,25,27,32,35,4
31,11,8,6,23,15
3,12,13,7,30,20
12,17,13,21,23,29
8,25,13,30,18,34
1,18,4,20,31,32
23,37,22,31,19,29
23,34,18,33,3,10
25,33,36,14,21,11
2,14,7,10,13,21
32,37,4,17,8,10
24,25,29,36,12,30
34,36,28,29,26,27
20,23,24,28,30,34
37,34,30,31,16,19
9,29,35,26,32,33
9,3,19,11,16,27
2,15,8,12,26,1
13,16,28,9,25,33
